   1.0000000e+05   1.2973047e+03
   2.0000000e+05   1.7248047e+03
   3.0000000e+05   1.9961328e+03
   4.0000000e+05   2.1873828e+03
   5.0000000e+05   2.3293359e+03
   6.0000000e+05   2.4382422e+03
   7.0000000e+05   2.5237109e+03
   8.0000000e+05   2.5918359e+03
   9.0000000e+05   2.6469922e+03
   1.0000000e+06   2.6920703e+03
   1.1000000e+06   2.7293359e+03
   1.2000000e+06   2.7603516e+03
   1.3000000e+06   2.7862891e+03
   1.4000000e+06   2.8082422e+03
   1.5000000e+06   2.8268359e+03
   1.6000000e+06   2.8426172e+03
   1.7000000e+06   2.8561328e+03
   1.8000000e+06   2.8677734e+03
   1.9000000e+06   2.8777734e+03
   2.0000000e+06   2.8863672e+03
   2.1000000e+06   2.8938672e+03
   2.2000000e+06   2.9002734e+03
   2.3000000e+06   2.9058203e+03
   2.4000000e+06   2.9106641e+03
   2.5000000e+06   2.9148828e+03
   2.6000000e+06   2.9184766e+03
   2.7000000e+06   2.9216797e+03
   2.8000000e+06   2.9243359e+03
   2.9000000e+06   2.9266797e+03
   3.0000000e+06   2.9287109e+03
   3.1000000e+06   2.9305078e+03
   3.2000000e+06   2.9319922e+03
   3.3000000e+06   2.9333203e+03
   3.4000000e+06   2.9344141e+03
   3.5000000e+06   2.9354297e+03
   3.6000000e+06   2.9362891e+03
   3.7000000e+06   2.9369922e+03
   3.8000000e+06   2.9375391e+03
   3.9000000e+06   2.9380859e+03
   4.0000000e+06   2.9385547e+03
   4.1000000e+06   2.9389453e+03
   4.2000000e+06   2.9392578e+03
   4.3000000e+06   2.9395703e+03
   4.4000000e+06   2.9398047e+03
   4.5000000e+06   2.9399609e+03
   4.6000000e+06   2.9401953e+03
   4.7000000e+06   2.9403516e+03
   4.8000000e+06   2.9404297e+03
   4.9000000e+06   2.9405859e+03
   5.0000000e+06   2.9406641e+03
   5.1000000e+06   2.9407422e+03
   5.2000000e+06   2.9408203e+03
   5.3000000e+06   2.9408203e+03
   5.4000000e+06   2.9408984e+03
   5.5000000e+06   2.9409766e+03
   5.6000000e+06   2.9409766e+03
   5.7000000e+06   2.9409766e+03
   5.8000000e+06   2.9410547e+03
   5.9000000e+06   2.9410547e+03
   6.0000000e+06   2.9410547e+03
   6.1000000e+06   2.9410547e+03
   6.2000000e+06   2.9411328e+03
   6.3000000e+06   2.9411328e+03
   6.4000000e+06   2.9411328e+03
   6.5000000e+06   2.9411328e+03
   6.6000000e+06   2.9411328e+03
   6.7000000e+06   2.9411328e+03
   6.8000000e+06   2.9411328e+03
   6.9000000e+06   2.9411328e+03
   7.0000000e+06   2.9411328e+03
   7.1000000e+06   2.9411328e+03
   7.2000000e+06   2.9411328e+03
   7.3000000e+06   2.9411328e+03
   7.4000000e+06   2.9411328e+03
   7.5000000e+06   2.9411328e+03
   7.6000000e+06   2.9411328e+03
   7.7000000e+06   2.9411328e+03
   7.8000000e+06   2.9411328e+03
   7.9000000e+06   2.9411328e+03
   8.0000000e+06   2.9412109e+03
   8.1000000e+06   2.9412109e+03
   8.2000000e+06   2.9412109e+03
   8.3000000e+06   2.9412109e+03
   8.4000000e+06   2.9412109e+03
   8.5000000e+06   2.9412109e+03
   8.6000000e+06   2.9412109e+03
   8.7000000e+06   2.9412109e+03
   8.8000000e+06   2.9412109e+03
   8.9000000e+06   2.9412109e+03
   9.0000000e+06   2.9412109e+03
   9.1000000e+06   2.9412109e+03
   9.2000000e+06   2.9412109e+03
   9.3000000e+06   2.9412109e+03
   9.4000000e+06   2.9412109e+03
   9.5000000e+06   2.9412109e+03
   9.6000000e+06   2.9412109e+03
   9.7000000e+06   2.9412109e+03
   9.8000000e+06   2.9412109e+03
   9.9000000e+06   2.9412109e+03
   1.0000000e+07   2.9412109e+03
